#Name		Class			Lv	HP	Str	Mag	Skl	Spd	Lck Def	Res	Con	Mov		HP	Str	Mag	Skl	Spd	Lck	Def	Res		Gender
Marisa      Assassin        20	34	11	2	20	22	16	6	6	6	6		75	30	10	55	60	50	15	25		-
Matthew     Assassin        20	31	9	0	11	23	11	7	3	8	6		75	30	0	40	70	50	25	20		-

Dart        Berserker       20	42	19	1	10	15	7	8	2	11	6		70	65	10	20	60	35	20	15		-
Ross        Berserker       20	36	20	5	12	12	19	10	5	10	6		70	50	15	35	30	40	25	20		-

Florina     Falconknight    20	28	12	8	16	19	16	6	10	5	8		60	40	20	50	55	50	15	35		-
Tana        Falconknight    20	30	14	6	15	23	17	9	11	6	8		65	45	20	40	65	60	20	25		-
Vanessa     Falconknight    20	26	11	8	17	22	13	9	10	6	8		50	35	20	55	60	50	20	30		-

Amelia      General         20	34	14	5	14	15	21	11	7	14	5		60	35	20	40	40	50	30	15		-
Gilliam     General         20	39	16	1	11	7	7	17	6	15	5		90	45	0	35	30	30	55	20		-
Wallace     General         20	35	16	2	10	6	12	17	4	14	5		70	45	10	40	20	30	35	35		-
Oswin       General         20	37	17	2	12	8	6	19	6	15	5		90	40	5	30	30	35	55	30		-

Garcia      Hero            20	40	18	2	13	10	9	9	3	15	6		80	65	10	40	20	40	25	15		-
Raven       Hero            20	37	16	5	16	19	7	8	3	9	6		85	55	10	40	45	35	25	15		-
Gerik       Hero            20	41	18	5	16	16	11	13	6	14	6		90	45	10	40	30	30	35	25		-

Eirika      Eirika          20	29	11	2	19	20	16	8	6	6	8		70	40	10	60	60	60	30	30		-
Eliwood     Eliwood         20	33	13	6	14	14	15	10	6	8	6		80	45	10	50	40	45	30	35		-
Ephraim     Ephraim         20	35	16	3	17	18	16	12	6	9	8		80	55	10	55	45	50	35	25		-
Hector      Hector          20	36	18	1	12	11	8	17	4	14	6		90	60	5	45	35	30	50	25		-
Lyn         Lyn             20	29	11	5	18	20	15	5	5	6	6		70	40	10	60	60	55	20	30		-
Roy         Roy             20	33	13	3	14	15	18	13	7	7	6		80	45	10	50	45	60	45	40		-
Marth       Marth           20	33	14	0	13	18	20	12	10	0	7		80	50	0	55	60	70	30	20		-
Ike         Ike             20	32	13	4	14	16	11	11	6	10	6		70	45	20	45	50	30	35	35		-

Kent        Paladin         20	36	13	5	15	15	5	9	5	10	8		85	40	15	50	45	20	25	25		-
Forde       Paladin         20	35	12	4	15	14	11	10	5	10	8		85	40	15	50	45	35	20	25		-
Franz       Paladin         20	35	14	2	12	16	9	10	4	10	8		80	40	10	40	50	40	25	20		-
Sain        Paladin         20	34	19	5	10	13	10	9	3	10	8		80	60	10	35	40	35	20	20		-
Kyle        Paladin         20	38	16	2	11	12	8	12	4	11	8		90	50	10	40	40	20	25	20		-

Lute        Sage            20	25	3	16	11	15	16	5	12	4	6		45	10	55	30	45	45	15	40		f
Erk         Sage            20	29	3	12	13	16	8	5	11	6	6		65	10	40	40	50	30	20	40		m
Lucius      Sage            20	27	3	17	14	16	5	2	16	7	6		55	10	60	50	40	20	10	60		m
Artur       Sage            20	28	3	13	15	15	6	4	15	7	6		55	10	40	50	40	25	15	55		m

Rebecca     Sniper          20	28	11	3	14	17	13	5	6	6	6		60	40	10	50	60	50	15	30		f
Neimi       Sniper          20	27	12	3	14	17	13	5	8	6	6		55	45	10	50	60	50	15	35		f
Wil         Sniper          20	33	15	7	14	12	13	8	4	7	6		75	50	10	50	40	40	20	25		m

Canas       Sorcerer        20	29	4	15	13	12	10	8	13	8	6		70	20	45	40	35	25	25	45		-
Ewan        Sorcerer        20	30	4	16	13	15	20	4	14	4	6		50	15	45	40	35	50	15	40		-
Knoll       Sorcerer        20	29	2	18	12	11	2	2	14	5	7		70	10	50	40	35	20	10	45		-

Mia         Swordmaster     20	36	13	5	22	24	13	11	7	7	6		65	35	5	55	50	40	25	10		f
Guy         Swordmaster     20	33	11	3	19	22	12	7	4	6	6		75	30	10	50	70	45	15	25		m
Joshua      Swordmaster     20	35	13	4	21	22	11	7	4	9	6		80	35	10	55	55	30	20	20		m
Edward      Swordmaster     20	30	11	2	19	20	12	9	2	8	6		70	25	15	50	55	25	30	15		m

L'Arachel   Valkyrie        20	25	3	14	13	17	23	7	16	6	8		45	5	50	45	45	65	15	50		-
Natasha     Valkyrie        20	27	3	11	8	15	17	4	16	6	8		50	10	50	25	40	60	15	55		-
Priscilla   Valkyrie        20	23	4	12	14	14	18	5	14	5	8		45	10	40	50	40	65	15	50		-

Bartre      Warrior         20	44	18	2	11	10	9	9	4	14	6		85	50	0	35	40	30	30	25		-